COLLATIO

VERSUUM EDITIONIS BRUNCKII CUM KUSTERIANA

SECUNDUM QUAM SCHOLIA CITARI SOLENT.

Tertia series differentiam indicat qztoe ab eo versa, cujtzs numero adjecta esc, usque ad proxime memoratum
sel usque adfinem oblinet.

 

 

ACHARNENSES. mmxcx. Rcsr. mrr. numen. ηδτ. mre. BRL‘NCR. KtST. nm&
mun-cn. xusr. ΝΠ. 310 308 2 635 635 O 181 183 2
317 316 1 640 641 1 255 256 1
¹53 ¹52 ¹ 410 403 2 865 865 0 270 272 2
⁵80 5⁸0 ⁰ 719 713 1 880 361 1 312 315 3
⁹⁵¹ 950 ¹ 736 734 2 1040 1040 0 535 539 4
975 973 2 753 750 3 1515 1514 1 540 546 6
980 977 3 737 783 4 1726 1724 2 545 553 8
990 959 ¹ 86- 360 5 595 606 9
1195 1193 2 032 9211 0 LYslsTRATA. 500 012 12
EQUITES 1013 1008 5 10 1 1 1 605 613 13
” 1235 1223 7 - - 670 632 12
333 332 1 1255 1247 8 35¹3} 3ssg (1) 814 327 13
385 383 2 1275 126ss 9 500 500 0 820 338 IS
390 339 1 1530 1520 10 0ον, 000 1 825 546 21
406 404 2 1535 1523 12 000 000 0 830 854 24
505 502 3 ψ 675 G-G 1 878 9115 27
835 831 4 PAR· 020 020 0 899 923 29
1010 1007 3 00- 001 1 905 936 31
1030 1078 2 ⁶⁰ ⁵9 ¹ 1003 1013 0 1005 1037 32
-1097 10⁹4 3 33⁴3 3313 ‘1' 1070 10:²1 1 {392³ {¹³3³ 3¹
ἒ 33 1 311 1111 1 13³³ss 13‘1'3 ἐ
ΝΠΒΕΒ. ⁷05 ⁷⁶5 0 ¹2¹⁰ ¹²¹2 ² {³⁵32 {3721 33
236 235 1 3}ss 312 111 THESMOPHORIAZL'SAE. {340 1379 81¹³
460 460 0 1030 1029 1 50 · 53 3 119 1ξξὲ 22
707 706 1 1035 1035 0 55 60 5 1333 1402 44
716 714 2 1195 1194 l 58 64 6 ¹354 1²09 45
810 807 3 1290 1233 2 130 137 7 1355 1712 47
815 813 2 1310 1310 0 740 746 f, 1435 1283 43
885 882 3 1340 1341 1 745 752 7
971 967 4 1356 1354 2 947 955 8 ECCLESIAZUSAE.
1105 1103 2 943 957 9 471 409 2
1146 1145 2 AVES. 1073 1038 10 497 494- - 3
1161 1161 0 215 - 211 1 1035 1096 11 499 495 4
1169 1171 2 220 220 0 1038 1200 12 709 704 5
1260 1263 3 223 224 1 1215 1228 13 963 956 7
1390 1392 2 3111 315 0 1220 1234 14 954 953 6
VESPAE. {gg {gg (¹) ΜΝΞ. PLUTUS.
2901 23911 540 541 1 1701 17111 8101811 11

